##TITLE= /u/exp/stan/nmr/lists/wave.dexam/Gaus1.1000
##JCAMP-DX= 5.00 Bruker JCAMP library
##DATA TYPE= Shape Data
##ORIGIN= Bruker Analytik GmbH
##OWNER= <demo>
##DATE= 01/05/08
##TIME= 12:57:44
##$SHAPE_PARAMETERS= Type: Gauss ; Truncation Level: 1 
##MINX= 1.000000e+00
##MAXX= 9.999954e+01
##MINY= 0.000000e+00
##MAXY= 0.000000e+00
##$SHAPE_EXMODE= Universal
##$SHAPE_TOTROT= 9.000000e+01
##$SHAPE_BWFAC= 2.122000e+00
##$SHAPE_INTEGFAC= 4.115776e-01
##$SHAPE_MODE= 0
##NPOINTS= 1000
##XYPOINTS= (XY..XY)
1.000000e+00, 0.000000e+00
1.018591e+00, 0.000000e+00
1.037490e+00, 0.000000e+00
1.056700e+00, 0.000000e+00
1.076227e+00, 0.000000e+00
1.096073e+00, 0.000000e+00
1.116245e+00, 0.000000e+00
1.136746e+00, 0.000000e+00
1.157580e+00, 0.000000e+00
1.178753e+00, 0.000000e+00
1.200269e+00, 0.000000e+00
1.222132e+00, 0.000000e+00
1.244348e+00, 0.000000e+00
1.266921e+00, 0.000000e+00
1.289855e+00, 0.000000e+00
1.313157e+00, 0.000000e+00
1.336830e+00, 0.000000e+00
1.360879e+00, 0.000000e+00
1.385310e+00, 0.000000e+00
1.410127e+00, 0.000000e+00
1.435337e+00, 0.000000e+00
1.460942e+00, 0.000000e+00
1.486950e+00, 0.000000e+00
1.513365e+00, 0.000000e+00
1.540192e+00, 0.000000e+00
1.567437e+00, 0.000000e+00
1.595105e+00, 0.000000e+00
1.623202e+00, 0.000000e+00
1.651732e+00, 0.000000e+00
1.680702e+00, 0.000000e+00
1.710117e+00, 0.000000e+00
1.739982e+00, 0.000000e+00
1.770304e+00, 0.000000e+00
1.801088e+00, 0.000000e+00
1.832339e+00, 0.000000e+00
1.864063e+00, 0.000000e+00
1.896267e+00, 0.000000e+00
1.928956e+00, 0.000000e+00
1.962136e+00, 0.000000e+00
1.995813e+00, 0.000000e+00
2.029994e+00, 0.000000e+00
2.064683e+00, 0.000000e+00
2.099888e+00, 0.000000e+00
2.135614e+00, 0.000000e+00
2.171868e+00, 0.000000e+00
2.208655e+00, 0.000000e+00
2.245983e+00, 0.000000e+00
2.283857e+00, 0.000000e+00
2.322285e+00, 0.000000e+00
2.361271e+00, 0.000000e+00
2.400824e+00, 0.000000e+00
2.440949e+00, 0.000000e+00
2.481653e+00, 0.000000e+00
2.522943e+00, 0.000000e+00
2.564825e+00, 0.000000e+00
2.607306e+00, 0.000000e+00
2.650393e+00, 0.000000e+00
2.694092e+00, 0.000000e+00
2.738411e+00, 0.000000e+00
2.783356e+00, 0.000000e+00
2.828934e+00, 0.000000e+00
2.875152e+00, 0.000000e+00
2.922018e+00, 0.000000e+00
2.969538e+00, 0.000000e+00
3.017720e+00, 0.000000e+00
3.066570e+00, 0.000000e+00
3.116095e+00, 0.000000e+00
3.166304e+00, 0.000000e+00
3.217203e+00, 0.000000e+00
3.268799e+00, 0.000000e+00
3.321101e+00, 0.000000e+00
3.374114e+00, 0.000000e+00
3.427848e+00, 0.000000e+00
3.482308e+00, 0.000000e+00
3.537503e+00, 0.000000e+00
3.593441e+00, 0.000000e+00
3.650128e+00, 0.000000e+00
3.707572e+00, 0.000000e+00
3.765782e+00, 0.000000e+00
3.824764e+00, 0.000000e+00
3.884526e+00, 0.000000e+00
3.945077e+00, 0.000000e+00
4.006424e+00, 0.000000e+00
4.068575e+00, 0.000000e+00
4.131537e+00, 0.000000e+00
4.195318e+00, 0.000000e+00
4.259927e+00, 0.000000e+00
4.325371e+00, 0.000000e+00
4.391659e+00, 0.000000e+00
4.458798e+00, 0.000000e+00
4.526796e+00, 0.000000e+00
4.595662e+00, 0.000000e+00
4.665402e+00, 0.000000e+00
4.736027e+00, 0.000000e+00
4.807543e+00, 0.000000e+00
4.879959e+00, 0.000000e+00
4.953282e+00, 0.000000e+00
5.027522e+00, 0.000000e+00
5.102687e+00, 0.000000e+00
5.178783e+00, 0.000000e+00
5.255821e+00, 0.000000e+00
5.333808e+00, 0.000000e+00
5.412752e+00, 0.000000e+00
5.492661e+00, 0.000000e+00
5.573545e+00, 0.000000e+00
5.655411e+00, 0.000000e+00
5.738268e+00, 0.000000e+00
5.822123e+00, 0.000000e+00
5.906986e+00, 0.000000e+00
5.992865e+00, 0.000000e+00
6.079768e+00, 0.000000e+00
6.167703e+00, 0.000000e+00
6.256679e+00, 0.000000e+00
6.346705e+00, 0.000000e+00
6.437788e+00, 0.000000e+00
6.529937e+00, 0.000000e+00
6.623161e+00, 0.000000e+00
6.717468e+00, 0.000000e+00
6.812866e+00, 0.000000e+00
6.909363e+00, 0.000000e+00
7.006969e+00, 0.000000e+00
7.105692e+00, 0.000000e+00
7.205539e+00, 0.000000e+00
7.306520e+00, 0.000000e+00
7.408642e+00, 0.000000e+00
7.511914e+00, 0.000000e+00
7.616345e+00, 0.000000e+00
7.721943e+00, 0.000000e+00
7.828715e+00, 0.000000e+00
7.936671e+00, 0.000000e+00
8.045819e+00, 0.000000e+00
8.156166e+00, 0.000000e+00
8.267722e+00, 0.000000e+00
8.380494e+00, 0.000000e+00
8.494491e+00, 0.000000e+00
8.609720e+00, 0.000000e+00
8.726191e+00, 0.000000e+00
8.843911e+00, 0.000000e+00
8.962887e+00, 0.000000e+00
9.083130e+00, 0.000000e+00
9.204645e+00, 0.000000e+00
9.327442e+00, 0.000000e+00
9.451528e+00, 0.000000e+00
9.576911e+00, 0.000000e+00
9.703600e+00, 0.000000e+00
9.831601e+00, 0.000000e+00
9.960923e+00, 0.000000e+00
1.009157e+01, 0.000000e+00
1.022356e+01, 0.000000e+00
1.035689e+01, 0.000000e+00
1.049157e+01, 0.000000e+00
1.062762e+01, 0.000000e+00
1.076502e+01, 0.000000e+00
1.090381e+01, 0.000000e+00
1.104397e+01, 0.000000e+00
1.118552e+01, 0.000000e+00
1.132847e+01, 0.000000e+00
1.147282e+01, 0.000000e+00
1.161859e+01, 0.000000e+00
1.176576e+01, 0.000000e+00
1.191437e+01, 0.000000e+00
1.206441e+01, 0.000000e+00
1.221588e+01, 0.000000e+00
1.236880e+01, 0.000000e+00
1.252317e+01, 0.000000e+00
1.267900e+01, 0.000000e+00
1.283630e+01, 0.000000e+00
1.299506e+01, 0.000000e+00
1.315531e+01, 0.000000e+00
1.331704e+01, 0.000000e+00
1.348026e+01, 0.000000e+00
1.364498e+01, 0.000000e+00
1.381120e+01, 0.000000e+00
1.397893e+01, 0.000000e+00
1.414817e+01, 0.000000e+00
1.431893e+01, 0.000000e+00
1.449122e+01, 0.000000e+00
1.466505e+01, 0.000000e+00
1.484040e+01, 0.000000e+00
1.501731e+01, 0.000000e+00
1.519575e+01, 0.000000e+00
1.537576e+01, 0.000000e+00
1.555732e+01, 0.000000e+00
1.574044e+01, 0.000000e+00
1.592513e+01, 0.000000e+00
1.611139e+01, 0.000000e+00
1.629923e+01, 0.000000e+00
1.648865e+01, 0.000000e+00
1.667966e+01, 0.000000e+00
1.687225e+01, 0.000000e+00
1.706644e+01, 0.000000e+00
1.726223e+01, 0.000000e+00
1.745962e+01, 0.000000e+00
1.765862e+01, 0.000000e+00
1.785922e+01, 0.000000e+00
1.806143e+01, 0.000000e+00
1.826527e+01, 0.000000e+00
1.847071e+01, 0.000000e+00
1.867779e+01, 0.000000e+00
1.888648e+01, 0.000000e+00
1.909680e+01, 0.000000e+00
1.930875e+01, 0.000000e+00
1.952234e+01, 0.000000e+00
1.973755e+01, 0.000000e+00
1.995440e+01, 0.000000e+00
2.017290e+01, 0.000000e+00
2.039303e+01, 0.000000e+00
2.061480e+01, 0.000000e+00
2.083821e+01, 0.000000e+00
2.106327e+01, 0.000000e+00
2.128997e+01, 0.000000e+00
2.151832e+01, 0.000000e+00
2.174831e+01, 0.000000e+00
2.197995e+01, 0.000000e+00
2.221324e+01, 0.000000e+00
2.244817e+01, 0.000000e+00
2.268476e+01, 0.000000e+00
2.292299e+01, 0.000000e+00
2.316286e+01, 0.000000e+00
2.340438e+01, 0.000000e+00
2.364755e+01, 0.000000e+00
2.389236e+01, 0.000000e+00
2.413882e+01, 0.000000e+00
2.438692e+01, 0.000000e+00
2.463666e+01, 0.000000e+00
2.488803e+01, 0.000000e+00
2.514105e+01, 0.000000e+00
2.539570e+01, 0.000000e+00
2.565198e+01, 0.000000e+00
2.590989e+01, 0.000000e+00
2.616942e+01, 0.000000e+00
2.643059e+01, 0.000000e+00
2.669337e+01, 0.000000e+00
2.695777e+01, 0.000000e+00
2.722378e+01, 0.000000e+00
2.749141e+01, 0.000000e+00
2.776064e+01, 0.000000e+00
2.803147e+01, 0.000000e+00
2.830390e+01, 0.000000e+00
2.857792e+01, 0.000000e+00
2.885353e+01, 0.000000e+00
2.913072e+01, 0.000000e+00
2.940949e+01, 0.000000e+00
2.968983e+01, 0.000000e+00
2.997174e+01, 0.000000e+00
3.025521e+01, 0.000000e+00
3.054023e+01, 0.000000e+00
3.082679e+01, 0.000000e+00
3.111490e+01, 0.000000e+00
3.140454e+01, 0.000000e+00
3.169571e+01, 0.000000e+00
3.198840e+01, 0.000000e+00
3.228259e+01, 0.000000e+00
3.257829e+01, 0.000000e+00
3.287549e+01, 0.000000e+00
3.317417e+01, 0.000000e+00
3.347433e+01, 0.000000e+00
3.377596e+01, 0.000000e+00
3.407905e+01, 0.000000e+00
3.438359e+01, 0.000000e+00
3.468957e+01, 0.000000e+00
3.499698e+01, 0.000000e+00
3.530581e+01, 0.000000e+00
3.561605e+01, 0.000000e+00
3.592769e+01, 0.000000e+00
3.624072e+01, 0.000000e+00
3.655513e+01, 0.000000e+00
3.687091e+01, 0.000000e+00
3.718804e+01, 0.000000e+00
3.750651e+01, 0.000000e+00
3.782631e+01, 0.000000e+00
3.814744e+01, 0.000000e+00
3.846986e+01, 0.000000e+00
3.879359e+01, 0.000000e+00
3.911859e+01, 0.000000e+00
3.944486e+01, 0.000000e+00
3.977238e+01, 0.000000e+00
4.010114e+01, 0.000000e+00
4.043112e+01, 0.000000e+00
4.076232e+01, 0.000000e+00
4.109471e+01, 0.000000e+00
4.142829e+01, 0.000000e+00
4.176303e+01, 0.000000e+00
4.209892e+01, 0.000000e+00
4.243594e+01, 0.000000e+00
4.277409e+01, 0.000000e+00
4.311333e+01, 0.000000e+00
4.345367e+01, 0.000000e+00
4.379507e+01, 0.000000e+00
4.413752e+01, 0.000000e+00
4.448102e+01, 0.000000e+00
4.482553e+01, 0.000000e+00
4.517104e+01, 0.000000e+00
4.551753e+01, 0.000000e+00
4.586499e+01, 0.000000e+00
4.621339e+01, 0.000000e+00
4.656273e+01, 0.000000e+00
4.691297e+01, 0.000000e+00
4.726410e+01, 0.000000e+00
4.761610e+01, 0.000000e+00
4.796895e+01, 0.000000e+00
4.832264e+01, 0.000000e+00
4.867713e+01, 0.000000e+00
4.903241e+01, 0.000000e+00
4.938847e+01, 0.000000e+00
4.974527e+01, 0.000000e+00
5.010280e+01, 0.000000e+00
5.046104e+01, 0.000000e+00
5.081997e+01, 0.000000e+00
5.117955e+01, 0.000000e+00
5.153978e+01, 0.000000e+00
5.190063e+01, 0.000000e+00
5.226208e+01, 0.000000e+00
5.262410e+01, 0.000000e+00
5.298667e+01, 0.000000e+00
5.334977e+01, 0.000000e+00
5.371337e+01, 0.000000e+00
5.407746e+01, 0.000000e+00
5.444201e+01, 0.000000e+00
5.480699e+01, 0.000000e+00
5.517238e+01, 0.000000e+00
5.553815e+01, 0.000000e+00
5.590429e+01, 0.000000e+00
5.627076e+01, 0.000000e+00
5.663755e+01, 0.000000e+00
5.700462e+01, 0.000000e+00
5.737195e+01, 0.000000e+00
5.773952e+01, 0.000000e+00
5.810730e+01, 0.000000e+00
5.847526e+01, 0.000000e+00
5.884338e+01, 0.000000e+00
5.921163e+01, 0.000000e+00
5.957999e+01, 0.000000e+00
5.994843e+01, 0.000000e+00
6.031691e+01, 0.000000e+00
6.068542e+01, 0.000000e+00
6.105393e+01, 0.000000e+00
6.142241e+01, 0.000000e+00
6.179083e+01, 0.000000e+00
6.215917e+01, 0.000000e+00
6.252740e+01, 0.000000e+00
6.289548e+01, 0.000000e+00
6.326340e+01, 0.000000e+00
6.363112e+01, 0.000000e+00
6.399861e+01, 0.000000e+00
6.436585e+01, 0.000000e+00
6.473281e+01, 0.000000e+00
6.509945e+01, 0.000000e+00
6.546576e+01, 0.000000e+00
6.583170e+01, 0.000000e+00
6.619724e+01, 0.000000e+00
6.656235e+01, 0.000000e+00
6.692700e+01, 0.000000e+00
6.729117e+01, 0.000000e+00
6.765482e+01, 0.000000e+00
6.801793e+01, 0.000000e+00
6.838046e+01, 0.000000e+00
6.874239e+01, 0.000000e+00
6.910368e+01, 0.000000e+00
6.946430e+01, 0.000000e+00
6.982423e+01, 0.000000e+00
7.018344e+01, 0.000000e+00
7.054188e+01, 0.000000e+00
7.089954e+01, 0.000000e+00
7.125639e+01, 0.000000e+00
7.161238e+01, 0.000000e+00
7.196750e+01, 0.000000e+00
7.232171e+01, 0.000000e+00
7.267498e+01, 0.000000e+00
7.302728e+01, 0.000000e+00
7.337857e+01, 0.000000e+00
7.372884e+01, 0.000000e+00
7.407804e+01, 0.000000e+00
7.442615e+01, 0.000000e+00
7.477314e+01, 0.000000e+00
7.511897e+01, 0.000000e+00
7.546361e+01, 0.000000e+00
7.580704e+01, 0.000000e+00
7.614922e+01, 0.000000e+00
7.649012e+01, 0.000000e+00
7.682971e+01, 0.000000e+00
7.716795e+01, 0.000000e+00
7.750483e+01, 0.000000e+00
7.784030e+01, 0.000000e+00
7.817434e+01, 0.000000e+00
7.850692e+01, 0.000000e+00
7.883800e+01, 0.000000e+00
7.916755e+01, 0.000000e+00
7.949554e+01, 0.000000e+00
7.982195e+01, 0.000000e+00
8.014674e+01, 0.000000e+00
8.046988e+01, 0.000000e+00
8.079134e+01, 0.000000e+00
8.111109e+01, 0.000000e+00
8.142910e+01, 0.000000e+00
8.174534e+01, 0.000000e+00
8.205978e+01, 0.000000e+00
8.237239e+01, 0.000000e+00
8.268313e+01, 0.000000e+00
8.299199e+01, 0.000000e+00
8.329892e+01, 0.000000e+00
8.360390e+01, 0.000000e+00
8.390690e+01, 0.000000e+00
8.420789e+01, 0.000000e+00
8.450684e+01, 0.000000e+00
8.480372e+01, 0.000000e+00
8.509850e+01, 0.000000e+00
8.539116e+01, 0.000000e+00
8.568165e+01, 0.000000e+00
8.596997e+01, 0.000000e+00
8.625607e+01, 0.000000e+00
8.653992e+01, 0.000000e+00
8.682151e+01, 0.000000e+00
8.710079e+01, 0.000000e+00
8.737775e+01, 0.000000e+00
8.765235e+01, 0.000000e+00
8.792457e+01, 0.000000e+00
8.819439e+01, 0.000000e+00
8.846176e+01, 0.000000e+00
8.872667e+01, 0.000000e+00
8.898908e+01, 0.000000e+00
8.924898e+01, 0.000000e+00
8.950633e+01, 0.000000e+00
8.976111e+01, 0.000000e+00
9.001329e+01, 0.000000e+00
9.026285e+01, 0.000000e+00
9.050976e+01, 0.000000e+00
9.075400e+01, 0.000000e+00
9.099553e+01, 0.000000e+00
9.123434e+01, 0.000000e+00
9.147040e+01, 0.000000e+00
9.170369e+01, 0.000000e+00
9.193418e+01, 0.000000e+00
9.216184e+01, 0.000000e+00
9.238666e+01, 0.000000e+00
9.260860e+01, 0.000000e+00
9.282766e+01, 0.000000e+00
9.304379e+01, 0.000000e+00
9.325699e+01, 0.000000e+00
9.346722e+01, 0.000000e+00
9.367448e+01, 0.000000e+00
9.387872e+01, 0.000000e+00
9.407994e+01, 0.000000e+00
9.427811e+01, 0.000000e+00
9.447320e+01, 0.000000e+00
9.466521e+01, 0.000000e+00
9.485411e+01, 0.000000e+00
9.503987e+01, 0.000000e+00
9.522248e+01, 0.000000e+00
9.540192e+01, 0.000000e+00
9.557818e+01, 0.000000e+00
9.575122e+01, 0.000000e+00
9.592103e+01, 0.000000e+00
9.608760e+01, 0.000000e+00
9.625091e+01, 0.000000e+00
9.641093e+01, 0.000000e+00
9.656765e+01, 0.000000e+00
9.672106e+01, 0.000000e+00
9.687114e+01, 0.000000e+00
9.701787e+01, 0.000000e+00
9.716123e+01, 0.000000e+00
9.730121e+01, 0.000000e+00
9.743780e+01, 0.000000e+00
9.757098e+01, 0.000000e+00
9.770073e+01, 0.000000e+00
9.782704e+01, 0.000000e+00
9.794990e+01, 0.000000e+00
9.806930e+01, 0.000000e+00
9.818522e+01, 0.000000e+00
9.829764e+01, 0.000000e+00
9.840656e+01, 0.000000e+00
9.851197e+01, 0.000000e+00
9.861384e+01, 0.000000e+00
9.871218e+01, 0.000000e+00
9.880697e+01, 0.000000e+00
9.889820e+01, 0.000000e+00
9.898586e+01, 0.000000e+00
9.906994e+01, 0.000000e+00
9.915043e+01, 0.000000e+00
9.922732e+01, 0.000000e+00
9.930061e+01, 0.000000e+00
9.937028e+01, 0.000000e+00
9.943633e+01, 0.000000e+00
9.949875e+01, 0.000000e+00
9.955754e+01, 0.000000e+00
9.961268e+01, 0.000000e+00
9.966418e+01, 0.000000e+00
9.971202e+01, 0.000000e+00
9.975620e+01, 0.000000e+00
9.979671e+01, 0.000000e+00
9.983356e+01, 0.000000e+00
9.986673e+01, 0.000000e+00
9.989623e+01, 0.000000e+00
9.992205e+01, 0.000000e+00
9.994418e+01, 0.000000e+00
9.996263e+01, 0.000000e+00
9.997739e+01, 0.000000e+00
9.998846e+01, 0.000000e+00
9.999585e+01, 0.000000e+00
9.999954e+01, 0.000000e+00
9.999954e+01, 0.000000e+00
9.999585e+01, 0.000000e+00
9.998846e+01, 0.000000e+00
9.997739e+01, 0.000000e+00
9.996263e+01, 0.000000e+00
9.994418e+01, 0.000000e+00
9.992205e+01, 0.000000e+00
9.989623e+01, 0.000000e+00
9.986673e+01, 0.000000e+00
9.983356e+01, 0.000000e+00
9.979671e+01, 0.000000e+00
9.975620e+01, 0.000000e+00
9.971202e+01, 0.000000e+00
9.966418e+01, 0.000000e+00
9.961268e+01, 0.000000e+00
9.955754e+01, 0.000000e+00
9.949875e+01, 0.000000e+00
9.943633e+01, 0.000000e+00
9.937028e+01, 0.000000e+00
9.930061e+01, 0.000000e+00
9.922732e+01, 0.000000e+00
9.915043e+01, 0.000000e+00
9.906994e+01, 0.000000e+00
9.898586e+01, 0.000000e+00
9.889820e+01, 0.000000e+00
9.880697e+01, 0.000000e+00
9.871218e+01, 0.000000e+00
9.861384e+01, 0.000000e+00
9.851197e+01, 0.000000e+00
9.840656e+01, 0.000000e+00
9.829764e+01, 0.000000e+00
9.818522e+01, 0.000000e+00
9.806930e+01, 0.000000e+00
9.794990e+01, 0.000000e+00
9.782704e+01, 0.000000e+00
9.770073e+01, 0.000000e+00
9.757098e+01, 0.000000e+00
9.743780e+01, 0.000000e+00
9.730121e+01, 0.000000e+00
9.716123e+01, 0.000000e+00
9.701787e+01, 0.000000e+00
9.687114e+01, 0.000000e+00
9.672106e+01, 0.000000e+00
9.656765e+01, 0.000000e+00
9.641093e+01, 0.000000e+00
9.625091e+01, 0.000000e+00
9.608760e+01, 0.000000e+00
9.592103e+01, 0.000000e+00
9.575122e+01, 0.000000e+00
9.557818e+01, 0.000000e+00
9.540192e+01, 0.000000e+00
9.522248e+01, 0.000000e+00
9.503987e+01, 0.000000e+00
9.485411e+01, 0.000000e+00
9.466521e+01, 0.000000e+00
9.447320e+01, 0.000000e+00
9.427811e+01, 0.000000e+00
9.407994e+01, 0.000000e+00
9.387872e+01, 0.000000e+00
9.367448e+01, 0.000000e+00
9.346722e+01, 0.000000e+00
9.325699e+01, 0.000000e+00
9.304379e+01, 0.000000e+00
9.282766e+01, 0.000000e+00
9.260860e+01, 0.000000e+00
9.238666e+01, 0.000000e+00
9.216184e+01, 0.000000e+00
9.193418e+01, 0.000000e+00
9.170369e+01, 0.000000e+00
9.147040e+01, 0.000000e+00
9.123434e+01, 0.000000e+00
9.099553e+01, 0.000000e+00
9.075400e+01, 0.000000e+00
9.050976e+01, 0.000000e+00
9.026285e+01, 0.000000e+00
9.001329e+01, 0.000000e+00
8.976111e+01, 0.000000e+00
8.950633e+01, 0.000000e+00
8.924898e+01, 0.000000e+00
8.898908e+01, 0.000000e+00
8.872667e+01, 0.000000e+00
8.846176e+01, 0.000000e+00
8.819439e+01, 0.000000e+00
8.792457e+01, 0.000000e+00
8.765235e+01, 0.000000e+00
8.737775e+01, 0.000000e+00
8.710079e+01, 0.000000e+00
8.682151e+01, 0.000000e+00
8.653992e+01, 0.000000e+00
8.625607e+01, 0.000000e+00
8.596997e+01, 0.000000e+00
8.568165e+01, 0.000000e+00
8.539116e+01, 0.000000e+00
8.509850e+01, 0.000000e+00
8.480372e+01, 0.000000e+00
8.450684e+01, 0.000000e+00
8.420789e+01, 0.000000e+00
8.390690e+01, 0.000000e+00
8.360390e+01, 0.000000e+00
8.329892e+01, 0.000000e+00
8.299199e+01, 0.000000e+00
8.268313e+01, 0.000000e+00
8.237239e+01, 0.000000e+00
8.205978e+01, 0.000000e+00
8.174534e+01, 0.000000e+00
8.142910e+01, 0.000000e+00
8.111109e+01, 0.000000e+00
8.079134e+01, 0.000000e+00
8.046988e+01, 0.000000e+00
8.014674e+01, 0.000000e+00
7.982195e+01, 0.000000e+00
7.949554e+01, 0.000000e+00
7.916755e+01, 0.000000e+00
7.883800e+01, 0.000000e+00
7.850692e+01, 0.000000e+00
7.817434e+01, 0.000000e+00
7.784030e+01, 0.000000e+00
7.750483e+01, 0.000000e+00
7.716795e+01, 0.000000e+00
7.682971e+01, 0.000000e+00
7.649012e+01, 0.000000e+00
7.614922e+01, 0.000000e+00
7.580704e+01, 0.000000e+00
7.546361e+01, 0.000000e+00
7.511897e+01, 0.000000e+00
7.477314e+01, 0.000000e+00
7.442615e+01, 0.000000e+00
7.407804e+01, 0.000000e+00
7.372884e+01, 0.000000e+00
7.337857e+01, 0.000000e+00
7.302728e+01, 0.000000e+00
7.267498e+01, 0.000000e+00
7.232171e+01, 0.000000e+00
7.196750e+01, 0.000000e+00
7.161238e+01, 0.000000e+00
7.125639e+01, 0.000000e+00
7.089954e+01, 0.000000e+00
7.054188e+01, 0.000000e+00
7.018344e+01, 0.000000e+00
6.982423e+01, 0.000000e+00
6.946430e+01, 0.000000e+00
6.910368e+01, 0.000000e+00
6.874239e+01, 0.000000e+00
6.838046e+01, 0.000000e+00
6.801793e+01, 0.000000e+00
6.765482e+01, 0.000000e+00
6.729117e+01, 0.000000e+00
6.692700e+01, 0.000000e+00
6.656235e+01, 0.000000e+00
6.619724e+01, 0.000000e+00
6.583170e+01, 0.000000e+00
6.546576e+01, 0.000000e+00
6.509945e+01, 0.000000e+00
6.473281e+01, 0.000000e+00
6.436585e+01, 0.000000e+00
6.399861e+01, 0.000000e+00
6.363112e+01, 0.000000e+00
6.326340e+01, 0.000000e+00
6.289548e+01, 0.000000e+00
6.252740e+01, 0.000000e+00
6.215917e+01, 0.000000e+00
6.179083e+01, 0.000000e+00
6.142241e+01, 0.000000e+00
6.105393e+01, 0.000000e+00
6.068542e+01, 0.000000e+00
6.031691e+01, 0.000000e+00
5.994843e+01, 0.000000e+00
5.957999e+01, 0.000000e+00
5.921163e+01, 0.000000e+00
5.884338e+01, 0.000000e+00
5.847526e+01, 0.000000e+00
5.810730e+01, 0.000000e+00
5.773952e+01, 0.000000e+00
5.737195e+01, 0.000000e+00
5.700462e+01, 0.000000e+00
5.663755e+01, 0.000000e+00
5.627076e+01, 0.000000e+00
5.590429e+01, 0.000000e+00
5.553815e+01, 0.000000e+00
5.517238e+01, 0.000000e+00
5.480699e+01, 0.000000e+00
5.444201e+01, 0.000000e+00
5.407746e+01, 0.000000e+00
5.371337e+01, 0.000000e+00
5.334977e+01, 0.000000e+00
5.298667e+01, 0.000000e+00
5.262410e+01, 0.000000e+00
5.226208e+01, 0.000000e+00
5.190063e+01, 0.000000e+00
5.153978e+01, 0.000000e+00
5.117955e+01, 0.000000e+00
5.081997e+01, 0.000000e+00
5.046104e+01, 0.000000e+00
5.010280e+01, 0.000000e+00
4.974527e+01, 0.000000e+00
4.938847e+01, 0.000000e+00
4.903241e+01, 0.000000e+00
4.867713e+01, 0.000000e+00
4.832264e+01, 0.000000e+00
4.796895e+01, 0.000000e+00
4.761610e+01, 0.000000e+00
4.726410e+01, 0.000000e+00
4.691297e+01, 0.000000e+00
4.656273e+01, 0.000000e+00
4.621339e+01, 0.000000e+00
4.586499e+01, 0.000000e+00
4.551753e+01, 0.000000e+00
4.517104e+01, 0.000000e+00
4.482553e+01, 0.000000e+00
4.448102e+01, 0.000000e+00
4.413752e+01, 0.000000e+00
4.379507e+01, 0.000000e+00
4.345367e+01, 0.000000e+00
4.311333e+01, 0.000000e+00
4.277409e+01, 0.000000e+00
4.243594e+01, 0.000000e+00
4.209892e+01, 0.000000e+00
4.176303e+01, 0.000000e+00
4.142829e+01, 0.000000e+00
4.109471e+01, 0.000000e+00
4.076232e+01, 0.000000e+00
4.043112e+01, 0.000000e+00
4.010114e+01, 0.000000e+00
3.977238e+01, 0.000000e+00
3.944486e+01, 0.000000e+00
3.911859e+01, 0.000000e+00
3.879359e+01, 0.000000e+00
3.846986e+01, 0.000000e+00
3.814744e+01, 0.000000e+00
3.782631e+01, 0.000000e+00
3.750651e+01, 0.000000e+00
3.718804e+01, 0.000000e+00
3.687091e+01, 0.000000e+00
3.655513e+01, 0.000000e+00
3.624072e+01, 0.000000e+00
3.592769e+01, 0.000000e+00
3.561605e+01, 0.000000e+00
3.530581e+01, 0.000000e+00
3.499698e+01, 0.000000e+00
3.468957e+01, 0.000000e+00
3.438359e+01, 0.000000e+00
3.407905e+01, 0.000000e+00
3.377596e+01, 0.000000e+00
3.347433e+01, 0.000000e+00
3.317417e+01, 0.000000e+00
3.287549e+01, 0.000000e+00
3.257829e+01, 0.000000e+00
3.228259e+01, 0.000000e+00
3.198840e+01, 0.000000e+00
3.169571e+01, 0.000000e+00
3.140454e+01, 0.000000e+00
3.111490e+01, 0.000000e+00
3.082679e+01, 0.000000e+00
3.054023e+01, 0.000000e+00
3.025521e+01, 0.000000e+00
2.997174e+01, 0.000000e+00
2.968983e+01, 0.000000e+00
2.940949e+01, 0.000000e+00
2.913072e+01, 0.000000e+00
2.885353e+01, 0.000000e+00
2.857792e+01, 0.000000e+00
2.830390e+01, 0.000000e+00
2.803147e+01, 0.000000e+00
2.776064e+01, 0.000000e+00
2.749141e+01, 0.000000e+00
2.722378e+01, 0.000000e+00
2.695777e+01, 0.000000e+00
2.669337e+01, 0.000000e+00
2.643059e+01, 0.000000e+00
2.616942e+01, 0.000000e+00
2.590989e+01, 0.000000e+00
2.565198e+01, 0.000000e+00
2.539570e+01, 0.000000e+00
2.514105e+01, 0.000000e+00
2.488803e+01, 0.000000e+00
2.463666e+01, 0.000000e+00
2.438692e+01, 0.000000e+00
2.413882e+01, 0.000000e+00
2.389236e+01, 0.000000e+00
2.364755e+01, 0.000000e+00
2.340438e+01, 0.000000e+00
2.316286e+01, 0.000000e+00
2.292299e+01, 0.000000e+00
2.268476e+01, 0.000000e+00
2.244817e+01, 0.000000e+00
2.221324e+01, 0.000000e+00
2.197995e+01, 0.000000e+00
2.174831e+01, 0.000000e+00
2.151832e+01, 0.000000e+00
2.128997e+01, 0.000000e+00
2.106327e+01, 0.000000e+00
2.083821e+01, 0.000000e+00
2.061480e+01, 0.000000e+00
2.039303e+01, 0.000000e+00
2.017290e+01, 0.000000e+00
1.995440e+01, 0.000000e+00
1.973755e+01, 0.000000e+00
1.952234e+01, 0.000000e+00
1.930875e+01, 0.000000e+00
1.909680e+01, 0.000000e+00
1.888648e+01, 0.000000e+00
1.867779e+01, 0.000000e+00
1.847071e+01, 0.000000e+00
1.826527e+01, 0.000000e+00
1.806143e+01, 0.000000e+00
1.785922e+01, 0.000000e+00
1.765862e+01, 0.000000e+00
1.745962e+01, 0.000000e+00
1.726223e+01, 0.000000e+00
1.706644e+01, 0.000000e+00
1.687225e+01, 0.000000e+00
1.667966e+01, 0.000000e+00
1.648865e+01, 0.000000e+00
1.629923e+01, 0.000000e+00
1.611139e+01, 0.000000e+00
1.592513e+01, 0.000000e+00
1.574044e+01, 0.000000e+00
1.555732e+01, 0.000000e+00
1.537576e+01, 0.000000e+00
1.519575e+01, 0.000000e+00
1.501731e+01, 0.000000e+00
1.484040e+01, 0.000000e+00
1.466505e+01, 0.000000e+00
1.449122e+01, 0.000000e+00
1.431893e+01, 0.000000e+00
1.414817e+01, 0.000000e+00
1.397893e+01, 0.000000e+00
1.381120e+01, 0.000000e+00
1.364498e+01, 0.000000e+00
1.348026e+01, 0.000000e+00
1.331704e+01, 0.000000e+00
1.315531e+01, 0.000000e+00
1.299506e+01, 0.000000e+00
1.283630e+01, 0.000000e+00
1.267900e+01, 0.000000e+00
1.252317e+01, 0.000000e+00
1.236880e+01, 0.000000e+00
1.221588e+01, 0.000000e+00
1.206441e+01, 0.000000e+00
1.191437e+01, 0.000000e+00
1.176576e+01, 0.000000e+00
1.161859e+01, 0.000000e+00
1.147282e+01, 0.000000e+00
1.132847e+01, 0.000000e+00
1.118552e+01, 0.000000e+00
1.104397e+01, 0.000000e+00
1.090381e+01, 0.000000e+00
1.076502e+01, 0.000000e+00
1.062762e+01, 0.000000e+00
1.049157e+01, 0.000000e+00
1.035689e+01, 0.000000e+00
1.022356e+01, 0.000000e+00
1.009157e+01, 0.000000e+00
9.960923e+00, 0.000000e+00
9.831601e+00, 0.000000e+00
9.703600e+00, 0.000000e+00
9.576911e+00, 0.000000e+00
9.451528e+00, 0.000000e+00
9.327442e+00, 0.000000e+00
9.204645e+00, 0.000000e+00
9.083130e+00, 0.000000e+00
8.962887e+00, 0.000000e+00
8.843911e+00, 0.000000e+00
8.726191e+00, 0.000000e+00
8.609720e+00, 0.000000e+00
8.494491e+00, 0.000000e+00
8.380494e+00, 0.000000e+00
8.267722e+00, 0.000000e+00
8.156166e+00, 0.000000e+00
8.045819e+00, 0.000000e+00
7.936671e+00, 0.000000e+00
7.828715e+00, 0.000000e+00
7.721943e+00, 0.000000e+00
7.616345e+00, 0.000000e+00
7.511914e+00, 0.000000e+00
7.408642e+00, 0.000000e+00
7.306520e+00, 0.000000e+00
7.205539e+00, 0.000000e+00
7.105692e+00, 0.000000e+00
7.006969e+00, 0.000000e+00
6.909363e+00, 0.000000e+00
6.812866e+00, 0.000000e+00
6.717468e+00, 0.000000e+00
6.623161e+00, 0.000000e+00
6.529937e+00, 0.000000e+00
6.437788e+00, 0.000000e+00
6.346705e+00, 0.000000e+00
6.256679e+00, 0.000000e+00
6.167703e+00, 0.000000e+00
6.079768e+00, 0.000000e+00
5.992865e+00, 0.000000e+00
5.906986e+00, 0.000000e+00
5.822123e+00, 0.000000e+00
5.738268e+00, 0.000000e+00
5.655411e+00, 0.000000e+00
5.573545e+00, 0.000000e+00
5.492661e+00, 0.000000e+00
5.412752e+00, 0.000000e+00
5.333808e+00, 0.000000e+00
5.255821e+00, 0.000000e+00
5.178783e+00, 0.000000e+00
5.102687e+00, 0.000000e+00
5.027522e+00, 0.000000e+00
4.953282e+00, 0.000000e+00
4.879959e+00, 0.000000e+00
4.807543e+00, 0.000000e+00
4.736027e+00, 0.000000e+00
4.665402e+00, 0.000000e+00
4.595662e+00, 0.000000e+00
4.526796e+00, 0.000000e+00
4.458798e+00, 0.000000e+00
4.391659e+00, 0.000000e+00
4.325371e+00, 0.000000e+00
4.259927e+00, 0.000000e+00
4.195318e+00, 0.000000e+00
4.131537e+00, 0.000000e+00
4.068575e+00, 0.000000e+00
4.006424e+00, 0.000000e+00
3.945077e+00, 0.000000e+00
3.884526e+00, 0.000000e+00
3.824764e+00, 0.000000e+00
3.765782e+00, 0.000000e+00
3.707572e+00, 0.000000e+00
3.650128e+00, 0.000000e+00
3.593441e+00, 0.000000e+00
3.537503e+00, 0.000000e+00
3.482308e+00, 0.000000e+00
3.427848e+00, 0.000000e+00
3.374114e+00, 0.000000e+00
3.321101e+00, 0.000000e+00
3.268799e+00, 0.000000e+00
3.217203e+00, 0.000000e+00
3.166304e+00, 0.000000e+00
3.116095e+00, 0.000000e+00
3.066570e+00, 0.000000e+00
3.017720e+00, 0.000000e+00
2.969538e+00, 0.000000e+00
2.922018e+00, 0.000000e+00
2.875152e+00, 0.000000e+00
2.828934e+00, 0.000000e+00
2.783356e+00, 0.000000e+00
2.738411e+00, 0.000000e+00
2.694092e+00, 0.000000e+00
2.650393e+00, 0.000000e+00
2.607306e+00, 0.000000e+00
2.564825e+00, 0.000000e+00
2.522943e+00, 0.000000e+00
2.481653e+00, 0.000000e+00
2.440949e+00, 0.000000e+00
2.400824e+00, 0.000000e+00
2.361271e+00, 0.000000e+00
2.322285e+00, 0.000000e+00
2.283857e+00, 0.000000e+00
2.245983e+00, 0.000000e+00
2.208655e+00, 0.000000e+00
2.171868e+00, 0.000000e+00
2.135614e+00, 0.000000e+00
2.099888e+00, 0.000000e+00
2.064683e+00, 0.000000e+00
2.029994e+00, 0.000000e+00
1.995813e+00, 0.000000e+00
1.962136e+00, 0.000000e+00
1.928956e+00, 0.000000e+00
1.896267e+00, 0.000000e+00
1.864063e+00, 0.000000e+00
1.832339e+00, 0.000000e+00
1.801088e+00, 0.000000e+00
1.770304e+00, 0.000000e+00
1.739982e+00, 0.000000e+00
1.710117e+00, 0.000000e+00
1.680702e+00, 0.000000e+00
1.651732e+00, 0.000000e+00
1.623202e+00, 0.000000e+00
1.595105e+00, 0.000000e+00
1.567437e+00, 0.000000e+00
1.540192e+00, 0.000000e+00
1.513365e+00, 0.000000e+00
1.486950e+00, 0.000000e+00
1.460942e+00, 0.000000e+00
1.435337e+00, 0.000000e+00
1.410127e+00, 0.000000e+00
1.385310e+00, 0.000000e+00
1.360879e+00, 0.000000e+00
1.336830e+00, 0.000000e+00
1.313157e+00, 0.000000e+00
1.289855e+00, 0.000000e+00
1.266921e+00, 0.000000e+00
1.244348e+00, 0.000000e+00
1.222132e+00, 0.000000e+00
1.200269e+00, 0.000000e+00
1.178753e+00, 0.000000e+00
1.157580e+00, 0.000000e+00
1.136746e+00, 0.000000e+00
1.116245e+00, 0.000000e+00
1.096073e+00, 0.000000e+00
1.076227e+00, 0.000000e+00
1.056700e+00, 0.000000e+00
1.037490e+00, 0.000000e+00
1.018591e+00, 0.000000e+00
1.000000e+00, 0.000000e+00
##END= 
