##TITLE= Parameter file, TOPSPIN		Version 1.3
##JCAMPDX= 5.0
##DATATYPE= Parameter Values
##ORIGIN= Bruker BioSpin GmbH
##OWNER= reedma
$$ 2007-11-28 11:12:00.539 +0000  reedma@domitian
$$ /opt/data/reedma/nmr/AV_bserum/20/pdata/1/clevels
##$LEVELS= (0..255)
-13445698.7867904 -7469832.659328 -4149907.03296 -2305503.9072 -1280835.504 
-711575.28 -395319.6 -219622 219622 395319.6 711575.28 1280835.504 2305503.9072 
4149907.03296 7469832.659328 13445698.7867904 0 0 0 0 0 0 0 0 0 0 0 0 
0 0 0 0 0 0 0 0 0 0 0 0 0 0 0 0 0 0 0 0 0 0 0 0 0 0 0 0 0 0 0 0 0 0 0 
0 0 0 0 0 0 0 0 0 0 0 0 0 0 0 0 0 0 0 0 0 0 0 0 0 0 0 0 0 0 0 0 0 0 0 
0 0 0 0 0 0 0 0 0 0 0 0 0 0 0 0 0 0 0 0 0 0 0 0 0 0 0 0 0 0 0 0 0 0 0 
0 0 0 0 0 0 0 0 0 0 0 0 0 0 0 0 0 0 0 0 0 0 0 0 0 0 0 0 0 0 0 0 0 0 0 
0 0 0 0 0 0 0 0 0 0 0 0 0 0 0 0 0 0 0 0 0 0 0 0 0 0 0 0 0 0 0 0 0 0 0 
0 0 0 0 0 0 0 0 0 0 0 0 0 0 0 0 0 0 0 0 0 0 0 0 0 0 0 0 0 0 0 0 0 0 0 
0 0 0 0 0 0 0 0 0 0 0 0 0 0 0 0 0 0
##$LEVSIGN= 3
##$MAXLEV= 8
##$METHOD= 0
##$NEGBASE= -219622
##$NEGINCR= 1.8
##$POSBASE= 219622
##$POSINCR= 1.8
##END=
