##TITLE= /u/exp/stan/nmr/lists/wave.dexam/Sinc1.1000
##JCAMP-DX= 5.00 Bruker JCAMP library
##DATA TYPE= Shape Data
##ORIGIN= Bruker Analytik GmbH
##OWNER= <demo>
##DATE= 01/05/08
##TIME= 12:58:43
##$SHAPE_PARAMETERS= Type: Sinc ; Number of Cycles: 1 
##MINX= 0.000000e+00
##MAXX= 9.999984e+01
##MINY= 0.000000e+00
##MAXY= 0.000000e+00
##$SHAPE_EXMODE= Universal
##$SHAPE_TOTROT= 9.000000e+01
##$SHAPE_BWFAC= 1.606000e+00
##$SHAPE_INTEGFAC= 5.889000e-01
##$SHAPE_MODE= 0
##NPOINTS= 1000
##XYPOINTS= (XY..XY)
0.000000e+00, 0.000000e+00
2.006005e-01, 0.000000e+00
4.019994e-01, 0.000000e+00
6.041938e-01, 0.000000e+00
8.071802e-01, 0.000000e+00
1.010956e+00, 0.000000e+00
1.215517e+00, 0.000000e+00
1.420861e+00, 0.000000e+00
1.626984e+00, 0.000000e+00
1.833883e+00, 0.000000e+00
2.041554e+00, 0.000000e+00
2.249995e+00, 0.000000e+00
2.459202e+00, 0.000000e+00
2.669172e+00, 0.000000e+00
2.879900e+00, 0.000000e+00
3.091385e+00, 0.000000e+00
3.303621e+00, 0.000000e+00
3.516607e+00, 0.000000e+00
3.730337e+00, 0.000000e+00
3.944810e+00, 0.000000e+00
4.160021e+00, 0.000000e+00
4.375966e+00, 0.000000e+00
4.592642e+00, 0.000000e+00
4.810046e+00, 0.000000e+00
5.028173e+00, 0.000000e+00
5.247021e+00, 0.000000e+00
5.466585e+00, 0.000000e+00
5.686861e+00, 0.000000e+00
5.907847e+00, 0.000000e+00
6.129537e+00, 0.000000e+00
6.351929e+00, 0.000000e+00
6.575019e+00, 0.000000e+00
6.798802e+00, 0.000000e+00
7.023275e+00, 0.000000e+00
7.248435e+00, 0.000000e+00
7.474276e+00, 0.000000e+00
7.700796e+00, 0.000000e+00
7.927990e+00, 0.000000e+00
8.155854e+00, 0.000000e+00
8.384384e+00, 0.000000e+00
8.613577e+00, 0.000000e+00
8.843428e+00, 0.000000e+00
9.073933e+00, 0.000000e+00
9.305089e+00, 0.000000e+00
9.536890e+00, 0.000000e+00
9.769334e+00, 0.000000e+00
1.000242e+01, 0.000000e+00
1.023613e+01, 0.000000e+00
1.047047e+01, 0.000000e+00
1.070544e+01, 0.000000e+00
1.094103e+01, 0.000000e+00
1.117724e+01, 0.000000e+00
1.141406e+01, 0.000000e+00
1.165149e+01, 0.000000e+00
1.188952e+01, 0.000000e+00
1.212815e+01, 0.000000e+00
1.236738e+01, 0.000000e+00
1.260720e+01, 0.000000e+00
1.284760e+01, 0.000000e+00
1.308859e+01, 0.000000e+00
1.333016e+01, 0.000000e+00
1.357229e+01, 0.000000e+00
1.381500e+01, 0.000000e+00
1.405827e+01, 0.000000e+00
1.430210e+01, 0.000000e+00
1.454649e+01, 0.000000e+00
1.479142e+01, 0.000000e+00
1.503691e+01, 0.000000e+00
1.528293e+01, 0.000000e+00
1.552949e+01, 0.000000e+00
1.577659e+01, 0.000000e+00
1.602421e+01, 0.000000e+00
1.627235e+01, 0.000000e+00
1.652102e+01, 0.000000e+00
1.677019e+01, 0.000000e+00
1.701988e+01, 0.000000e+00
1.727007e+01, 0.000000e+00
1.752076e+01, 0.000000e+00
1.777195e+01, 0.000000e+00
1.802362e+01, 0.000000e+00
1.827578e+01, 0.000000e+00
1.852842e+01, 0.000000e+00
1.878154e+01, 0.000000e+00
1.903512e+01, 0.000000e+00
1.928918e+01, 0.000000e+00
1.954369e+01, 0.000000e+00
1.979866e+01, 0.000000e+00
2.005408e+01, 0.000000e+00
2.030995e+01, 0.000000e+00
2.056625e+01, 0.000000e+00
2.082300e+01, 0.000000e+00
2.108017e+01, 0.000000e+00
2.133778e+01, 0.000000e+00
2.159580e+01, 0.000000e+00
2.185424e+01, 0.000000e+00
2.211309e+01, 0.000000e+00
2.237235e+01, 0.000000e+00
2.263200e+01, 0.000000e+00
2.289206e+01, 0.000000e+00
2.315250e+01, 0.000000e+00
2.341333e+01, 0.000000e+00
2.367454e+01, 0.000000e+00
2.393613e+01, 0.000000e+00
2.419809e+01, 0.000000e+00
2.446041e+01, 0.000000e+00
2.472309e+01, 0.000000e+00
2.498612e+01, 0.000000e+00
2.524951e+01, 0.000000e+00
2.551324e+01, 0.000000e+00
2.577731e+01, 0.000000e+00
2.604171e+01, 0.000000e+00
2.630644e+01, 0.000000e+00
2.657149e+01, 0.000000e+00
2.683687e+01, 0.000000e+00
2.710255e+01, 0.000000e+00
2.736854e+01, 0.000000e+00
2.763483e+01, 0.000000e+00
2.790142e+01, 0.000000e+00
2.816830e+01, 0.000000e+00
2.843547e+01, 0.000000e+00
2.870291e+01, 0.000000e+00
2.897063e+01, 0.000000e+00
2.923862e+01, 0.000000e+00
2.950688e+01, 0.000000e+00
2.977539e+01, 0.000000e+00
3.004415e+01, 0.000000e+00
3.031317e+01, 0.000000e+00
3.058242e+01, 0.000000e+00
3.085191e+01, 0.000000e+00
3.112163e+01, 0.000000e+00
3.139158e+01, 0.000000e+00
3.166175e+01, 0.000000e+00
3.193213e+01, 0.000000e+00
3.220272e+01, 0.000000e+00
3.247352e+01, 0.000000e+00
3.274451e+01, 0.000000e+00
3.301569e+01, 0.000000e+00
3.328706e+01, 0.000000e+00
3.355862e+01, 0.000000e+00
3.383034e+01, 0.000000e+00
3.410224e+01, 0.000000e+00
3.437430e+01, 0.000000e+00
3.464652e+01, 0.000000e+00
3.491889e+01, 0.000000e+00
3.519141e+01, 0.000000e+00
3.546407e+01, 0.000000e+00
3.573687e+01, 0.000000e+00
3.600980e+01, 0.000000e+00
3.628285e+01, 0.000000e+00
3.655602e+01, 0.000000e+00
3.682930e+01, 0.000000e+00
3.710269e+01, 0.000000e+00
3.737618e+01, 0.000000e+00
3.764977e+01, 0.000000e+00
3.792345e+01, 0.000000e+00
3.819721e+01, 0.000000e+00
3.847105e+01, 0.000000e+00
3.874496e+01, 0.000000e+00
3.901894e+01, 0.000000e+00
3.929299e+01, 0.000000e+00
3.956708e+01, 0.000000e+00
3.984123e+01, 0.000000e+00
4.011542e+01, 0.000000e+00
4.038965e+01, 0.000000e+00
4.066391e+01, 0.000000e+00
4.093820e+01, 0.000000e+00
4.121251e+01, 0.000000e+00
4.148683e+01, 0.000000e+00
4.176116e+01, 0.000000e+00
4.203550e+01, 0.000000e+00
4.230983e+01, 0.000000e+00
4.258415e+01, 0.000000e+00
4.285846e+01, 0.000000e+00
4.313275e+01, 0.000000e+00
4.340702e+01, 0.000000e+00
4.368125e+01, 0.000000e+00
4.395544e+01, 0.000000e+00
4.422959e+01, 0.000000e+00
4.450369e+01, 0.000000e+00
4.477773e+01, 0.000000e+00
4.505172e+01, 0.000000e+00
4.532563e+01, 0.000000e+00
4.559948e+01, 0.000000e+00
4.587324e+01, 0.000000e+00
4.614692e+01, 0.000000e+00
4.642051e+01, 0.000000e+00
4.669400e+01, 0.000000e+00
4.696739e+01, 0.000000e+00
4.724067e+01, 0.000000e+00
4.751383e+01, 0.000000e+00
4.778688e+01, 0.000000e+00
4.805980e+01, 0.000000e+00
4.833258e+01, 0.000000e+00
4.860523e+01, 0.000000e+00
4.887773e+01, 0.000000e+00
4.915009e+01, 0.000000e+00
4.942229e+01, 0.000000e+00
4.969432e+01, 0.000000e+00
4.996619e+01, 0.000000e+00
5.023789e+01, 0.000000e+00
5.050940e+01, 0.000000e+00
5.078073e+01, 0.000000e+00
5.105187e+01, 0.000000e+00
5.132281e+01, 0.000000e+00
5.159355e+01, 0.000000e+00
5.186408e+01, 0.000000e+00
5.213439e+01, 0.000000e+00
5.240449e+01, 0.000000e+00
5.267435e+01, 0.000000e+00
5.294399e+01, 0.000000e+00
5.321338e+01, 0.000000e+00
5.348253e+01, 0.000000e+00
5.375143e+01, 0.000000e+00
5.402007e+01, 0.000000e+00
5.428845e+01, 0.000000e+00
5.455656e+01, 0.000000e+00
5.482440e+01, 0.000000e+00
5.509195e+01, 0.000000e+00
5.535922e+01, 0.000000e+00
5.562620e+01, 0.000000e+00
5.589288e+01, 0.000000e+00
5.615926e+01, 0.000000e+00
5.642533e+01, 0.000000e+00
5.669108e+01, 0.000000e+00
5.695651e+01, 0.000000e+00
5.722161e+01, 0.000000e+00
5.748638e+01, 0.000000e+00
5.775081e+01, 0.000000e+00
5.801490e+01, 0.000000e+00
5.827863e+01, 0.000000e+00
5.854201e+01, 0.000000e+00
5.880503e+01, 0.000000e+00
5.906767e+01, 0.000000e+00
5.932995e+01, 0.000000e+00
5.959184e+01, 0.000000e+00
5.985335e+01, 0.000000e+00
6.011446e+01, 0.000000e+00
6.037518e+01, 0.000000e+00
6.063549e+01, 0.000000e+00
6.089540e+01, 0.000000e+00
6.115489e+01, 0.000000e+00
6.141396e+01, 0.000000e+00
6.167260e+01, 0.000000e+00
6.193081e+01, 0.000000e+00
6.218858e+01, 0.000000e+00
6.244591e+01, 0.000000e+00
6.270279e+01, 0.000000e+00
6.295921e+01, 0.000000e+00
6.321517e+01, 0.000000e+00
6.347067e+01, 0.000000e+00
6.372569e+01, 0.000000e+00
6.398023e+01, 0.000000e+00
6.423429e+01, 0.000000e+00
6.448786e+01, 0.000000e+00
6.474093e+01, 0.000000e+00
6.499350e+01, 0.000000e+00
6.524557e+01, 0.000000e+00
6.549712e+01, 0.000000e+00
6.574816e+01, 0.000000e+00
6.599867e+01, 0.000000e+00
6.624865e+01, 0.000000e+00
6.649809e+01, 0.000000e+00
6.674700e+01, 0.000000e+00
6.699535e+01, 0.000000e+00
6.724316e+01, 0.000000e+00
6.749041e+01, 0.000000e+00
6.773709e+01, 0.000000e+00
6.798320e+01, 0.000000e+00
6.822874e+01, 0.000000e+00
6.847370e+01, 0.000000e+00
6.871808e+01, 0.000000e+00
6.896186e+01, 0.000000e+00
6.920505e+01, 0.000000e+00
6.944763e+01, 0.000000e+00
6.968961e+01, 0.000000e+00
6.993097e+01, 0.000000e+00
7.017172e+01, 0.000000e+00
7.041184e+01, 0.000000e+00
7.065133e+01, 0.000000e+00
7.089018e+01, 0.000000e+00
7.112839e+01, 0.000000e+00
7.136596e+01, 0.000000e+00
7.160288e+01, 0.000000e+00
7.183914e+01, 0.000000e+00
7.207474e+01, 0.000000e+00
7.230967e+01, 0.000000e+00
7.254392e+01, 0.000000e+00
7.277750e+01, 0.000000e+00
7.301040e+01, 0.000000e+00
7.324260e+01, 0.000000e+00
7.347411e+01, 0.000000e+00
7.370492e+01, 0.000000e+00
7.393503e+01, 0.000000e+00
7.416443e+01, 0.000000e+00
7.439311e+01, 0.000000e+00
7.462107e+01, 0.000000e+00
7.484830e+01, 0.000000e+00
7.507481e+01, 0.000000e+00
7.530057e+01, 0.000000e+00
7.552560e+01, 0.000000e+00
7.574988e+01, 0.000000e+00
7.597340e+01, 0.000000e+00
7.619617e+01, 0.000000e+00
7.641818e+01, 0.000000e+00
7.663942e+01, 0.000000e+00
7.685989e+01, 0.000000e+00
7.707958e+01, 0.000000e+00
7.729849e+01, 0.000000e+00
7.751661e+01, 0.000000e+00
7.773394e+01, 0.000000e+00
7.795047e+01, 0.000000e+00
7.816620e+01, 0.000000e+00
7.838112e+01, 0.000000e+00
7.859523e+01, 0.000000e+00
7.880852e+01, 0.000000e+00
7.902099e+01, 0.000000e+00
7.923264e+01, 0.000000e+00
7.944345e+01, 0.000000e+00
7.965342e+01, 0.000000e+00
7.986255e+01, 0.000000e+00
8.007084e+01, 0.000000e+00
8.027827e+01, 0.000000e+00
8.048485e+01, 0.000000e+00
8.069056e+01, 0.000000e+00
8.089541e+01, 0.000000e+00
8.109939e+01, 0.000000e+00
8.130250e+01, 0.000000e+00
8.150472e+01, 0.000000e+00
8.170606e+01, 0.000000e+00
8.190652e+01, 0.000000e+00
8.210607e+01, 0.000000e+00
8.230473e+01, 0.000000e+00
8.250249e+01, 0.000000e+00
8.269933e+01, 0.000000e+00
8.289527e+01, 0.000000e+00
8.309029e+01, 0.000000e+00
8.328439e+01, 0.000000e+00
8.347756e+01, 0.000000e+00
8.366980e+01, 0.000000e+00
8.386110e+01, 0.000000e+00
8.405147e+01, 0.000000e+00
8.424089e+01, 0.000000e+00
8.442937e+01, 0.000000e+00
8.461689e+01, 0.000000e+00
8.480346e+01, 0.000000e+00
8.498906e+01, 0.000000e+00
8.517370e+01, 0.000000e+00
8.535737e+01, 0.000000e+00
8.554006e+01, 0.000000e+00
8.572178e+01, 0.000000e+00
8.590251e+01, 0.000000e+00
8.608226e+01, 0.000000e+00
8.626102e+01, 0.000000e+00
8.643878e+01, 0.000000e+00
8.661554e+01, 0.000000e+00
8.679130e+01, 0.000000e+00
8.696605e+01, 0.000000e+00
8.713979e+01, 0.000000e+00
8.731251e+01, 0.000000e+00
8.748421e+01, 0.000000e+00
8.765489e+01, 0.000000e+00
8.782454e+01, 0.000000e+00
8.799316e+01, 0.000000e+00
8.816075e+01, 0.000000e+00
8.832729e+01, 0.000000e+00
8.849279e+01, 0.000000e+00
8.865725e+01, 0.000000e+00
8.882065e+01, 0.000000e+00
8.898300e+01, 0.000000e+00
8.914429e+01, 0.000000e+00
8.930451e+01, 0.000000e+00
8.946367e+01, 0.000000e+00
8.962176e+01, 0.000000e+00
8.977878e+01, 0.000000e+00
8.993472e+01, 0.000000e+00
9.008958e+01, 0.000000e+00
9.024335e+01, 0.000000e+00
9.039603e+01, 0.000000e+00
9.054763e+01, 0.000000e+00
9.069812e+01, 0.000000e+00
9.084752e+01, 0.000000e+00
9.099582e+01, 0.000000e+00
9.114301e+01, 0.000000e+00
9.128909e+01, 0.000000e+00
9.143405e+01, 0.000000e+00
9.157790e+01, 0.000000e+00
9.172064e+01, 0.000000e+00
9.186224e+01, 0.000000e+00
9.200273e+01, 0.000000e+00
9.214208e+01, 0.000000e+00
9.228030e+01, 0.000000e+00
9.241738e+01, 0.000000e+00
9.255332e+01, 0.000000e+00
9.268812e+01, 0.000000e+00
9.282178e+01, 0.000000e+00
9.295429e+01, 0.000000e+00
9.308564e+01, 0.000000e+00
9.321584e+01, 0.000000e+00
9.334488e+01, 0.000000e+00
9.347276e+01, 0.000000e+00
9.359947e+01, 0.000000e+00
9.372502e+01, 0.000000e+00
9.384940e+01, 0.000000e+00
9.397261e+01, 0.000000e+00
9.409463e+01, 0.000000e+00
9.421548e+01, 0.000000e+00
9.433515e+01, 0.000000e+00
9.445364e+01, 0.000000e+00
9.457093e+01, 0.000000e+00
9.468704e+01, 0.000000e+00
9.480195e+01, 0.000000e+00
9.491567e+01, 0.000000e+00
9.502819e+01, 0.000000e+00
9.513951e+01, 0.000000e+00
9.524962e+01, 0.000000e+00
9.535853e+01, 0.000000e+00
9.546623e+01, 0.000000e+00
9.557272e+01, 0.000000e+00
9.567799e+01, 0.000000e+00
9.578205e+01, 0.000000e+00
9.588489e+01, 0.000000e+00
9.598651e+01, 0.000000e+00
9.608691e+01, 0.000000e+00
9.618608e+01, 0.000000e+00
9.628402e+01, 0.000000e+00
9.638073e+01, 0.000000e+00
9.647621e+01, 0.000000e+00
9.657045e+01, 0.000000e+00
9.666345e+01, 0.000000e+00
9.675522e+01, 0.000000e+00
9.684574e+01, 0.000000e+00
9.693502e+01, 0.000000e+00
9.702306e+01, 0.000000e+00
9.710984e+01, 0.000000e+00
9.719538e+01, 0.000000e+00
9.727966e+01, 0.000000e+00
9.736269e+01, 0.000000e+00
9.744447e+01, 0.000000e+00
9.752498e+01, 0.000000e+00
9.760424e+01, 0.000000e+00
9.768223e+01, 0.000000e+00
9.775896e+01, 0.000000e+00
9.783443e+01, 0.000000e+00
9.790862e+01, 0.000000e+00
9.798155e+01, 0.000000e+00
9.805321e+01, 0.000000e+00
9.812360e+01, 0.000000e+00
9.819271e+01, 0.000000e+00
9.826054e+01, 0.000000e+00
9.832710e+01, 0.000000e+00
9.839238e+01, 0.000000e+00
9.845638e+01, 0.000000e+00
9.851910e+01, 0.000000e+00
9.858053e+01, 0.000000e+00
9.864068e+01, 0.000000e+00
9.869954e+01, 0.000000e+00
9.875712e+01, 0.000000e+00
9.881340e+01, 0.000000e+00
9.886840e+01, 0.000000e+00
9.892210e+01, 0.000000e+00
9.897451e+01, 0.000000e+00
9.902563e+01, 0.000000e+00
9.907545e+01, 0.000000e+00
9.912397e+01, 0.000000e+00
9.917120e+01, 0.000000e+00
9.921712e+01, 0.000000e+00
9.926175e+01, 0.000000e+00
9.930508e+01, 0.000000e+00
9.934710e+01, 0.000000e+00
9.938782e+01, 0.000000e+00
9.942724e+01, 0.000000e+00
9.946535e+01, 0.000000e+00
9.950216e+01, 0.000000e+00
9.953766e+01, 0.000000e+00
9.957185e+01, 0.000000e+00
9.960473e+01, 0.000000e+00
9.963630e+01, 0.000000e+00
9.966657e+01, 0.000000e+00
9.969552e+01, 0.000000e+00
9.972316e+01, 0.000000e+00
9.974949e+01, 0.000000e+00
9.977451e+01, 0.000000e+00
9.979821e+01, 0.000000e+00
9.982060e+01, 0.000000e+00
9.984168e+01, 0.000000e+00
9.986144e+01, 0.000000e+00
9.987989e+01, 0.000000e+00
9.989702e+01, 0.000000e+00
9.991283e+01, 0.000000e+00
9.992733e+01, 0.000000e+00
9.994051e+01, 0.000000e+00
9.995237e+01, 0.000000e+00
9.996292e+01, 0.000000e+00
9.997215e+01, 0.000000e+00
9.998006e+01, 0.000000e+00
9.998665e+01, 0.000000e+00
9.999192e+01, 0.000000e+00
9.999588e+01, 0.000000e+00
9.999852e+01, 0.000000e+00
9.999984e+01, 0.000000e+00
9.999984e+01, 0.000000e+00
9.999852e+01, 0.000000e+00
9.999588e+01, 0.000000e+00
9.999192e+01, 0.000000e+00
9.998665e+01, 0.000000e+00
9.998006e+01, 0.000000e+00
9.997215e+01, 0.000000e+00
9.996292e+01, 0.000000e+00
9.995237e+01, 0.000000e+00
9.994051e+01, 0.000000e+00
9.992733e+01, 0.000000e+00
9.991283e+01, 0.000000e+00
9.989702e+01, 0.000000e+00
9.987989e+01, 0.000000e+00
9.986144e+01, 0.000000e+00
9.984168e+01, 0.000000e+00
9.982060e+01, 0.000000e+00
9.979821e+01, 0.000000e+00
9.977451e+01, 0.000000e+00
9.974949e+01, 0.000000e+00
9.972316e+01, 0.000000e+00
9.969552e+01, 0.000000e+00
9.966657e+01, 0.000000e+00
9.963630e+01, 0.000000e+00
9.960473e+01, 0.000000e+00
9.957185e+01, 0.000000e+00
9.953766e+01, 0.000000e+00
9.950216e+01, 0.000000e+00
9.946535e+01, 0.000000e+00
9.942724e+01, 0.000000e+00
9.938782e+01, 0.000000e+00
9.934710e+01, 0.000000e+00
9.930508e+01, 0.000000e+00
9.926175e+01, 0.000000e+00
9.921712e+01, 0.000000e+00
9.917120e+01, 0.000000e+00
9.912397e+01, 0.000000e+00
9.907545e+01, 0.000000e+00
9.902563e+01, 0.000000e+00
9.897451e+01, 0.000000e+00
9.892210e+01, 0.000000e+00
9.886840e+01, 0.000000e+00
9.881340e+01, 0.000000e+00
9.875712e+01, 0.000000e+00
9.869954e+01, 0.000000e+00
9.864068e+01, 0.000000e+00
9.858053e+01, 0.000000e+00
9.851910e+01, 0.000000e+00
9.845638e+01, 0.000000e+00
9.839238e+01, 0.000000e+00
9.832710e+01, 0.000000e+00
9.826054e+01, 0.000000e+00
9.819271e+01, 0.000000e+00
9.812360e+01, 0.000000e+00
9.805321e+01, 0.000000e+00
9.798155e+01, 0.000000e+00
9.790862e+01, 0.000000e+00
9.783443e+01, 0.000000e+00
9.775896e+01, 0.000000e+00
9.768223e+01, 0.000000e+00
9.760424e+01, 0.000000e+00
9.752498e+01, 0.000000e+00
9.744447e+01, 0.000000e+00
9.736269e+01, 0.000000e+00
9.727966e+01, 0.000000e+00
9.719538e+01, 0.000000e+00
9.710984e+01, 0.000000e+00
9.702306e+01, 0.000000e+00
9.693502e+01, 0.000000e+00
9.684574e+01, 0.000000e+00
9.675522e+01, 0.000000e+00
9.666345e+01, 0.000000e+00
9.657045e+01, 0.000000e+00
9.647621e+01, 0.000000e+00
9.638073e+01, 0.000000e+00
9.628402e+01, 0.000000e+00
9.618608e+01, 0.000000e+00
9.608691e+01, 0.000000e+00
9.598651e+01, 0.000000e+00
9.588489e+01, 0.000000e+00
9.578205e+01, 0.000000e+00
9.567799e+01, 0.000000e+00
9.557272e+01, 0.000000e+00
9.546623e+01, 0.000000e+00
9.535853e+01, 0.000000e+00
9.524962e+01, 0.000000e+00
9.513951e+01, 0.000000e+00
9.502819e+01, 0.000000e+00
9.491567e+01, 0.000000e+00
9.480195e+01, 0.000000e+00
9.468704e+01, 0.000000e+00
9.457093e+01, 0.000000e+00
9.445364e+01, 0.000000e+00
9.433515e+01, 0.000000e+00
9.421548e+01, 0.000000e+00
9.409463e+01, 0.000000e+00
9.397261e+01, 0.000000e+00
9.384940e+01, 0.000000e+00
9.372502e+01, 0.000000e+00
9.359947e+01, 0.000000e+00
9.347276e+01, 0.000000e+00
9.334488e+01, 0.000000e+00
9.321584e+01, 0.000000e+00
9.308564e+01, 0.000000e+00
9.295429e+01, 0.000000e+00
9.282178e+01, 0.000000e+00
9.268812e+01, 0.000000e+00
9.255332e+01, 0.000000e+00
9.241738e+01, 0.000000e+00
9.228030e+01, 0.000000e+00
9.214208e+01, 0.000000e+00
9.200273e+01, 0.000000e+00
9.186224e+01, 0.000000e+00
9.172064e+01, 0.000000e+00
9.157790e+01, 0.000000e+00
9.143405e+01, 0.000000e+00
9.128909e+01, 0.000000e+00
9.114301e+01, 0.000000e+00
9.099582e+01, 0.000000e+00
9.084752e+01, 0.000000e+00
9.069812e+01, 0.000000e+00
9.054763e+01, 0.000000e+00
9.039603e+01, 0.000000e+00
9.024335e+01, 0.000000e+00
9.008958e+01, 0.000000e+00
8.993472e+01, 0.000000e+00
8.977878e+01, 0.000000e+00
8.962176e+01, 0.000000e+00
8.946367e+01, 0.000000e+00
8.930451e+01, 0.000000e+00
8.914429e+01, 0.000000e+00
8.898300e+01, 0.000000e+00
8.882065e+01, 0.000000e+00
8.865725e+01, 0.000000e+00
8.849279e+01, 0.000000e+00
8.832729e+01, 0.000000e+00
8.816075e+01, 0.000000e+00
8.799316e+01, 0.000000e+00
8.782454e+01, 0.000000e+00
8.765489e+01, 0.000000e+00
8.748421e+01, 0.000000e+00
8.731251e+01, 0.000000e+00
8.713979e+01, 0.000000e+00
8.696605e+01, 0.000000e+00
8.679130e+01, 0.000000e+00
8.661554e+01, 0.000000e+00
8.643878e+01, 0.000000e+00
8.626102e+01, 0.000000e+00
8.608226e+01, 0.000000e+00
8.590251e+01, 0.000000e+00
8.572178e+01, 0.000000e+00
8.554006e+01, 0.000000e+00
8.535737e+01, 0.000000e+00
8.517370e+01, 0.000000e+00
8.498906e+01, 0.000000e+00
8.480346e+01, 0.000000e+00
8.461689e+01, 0.000000e+00
8.442937e+01, 0.000000e+00
8.424089e+01, 0.000000e+00
8.405147e+01, 0.000000e+00
8.386110e+01, 0.000000e+00
8.366980e+01, 0.000000e+00
8.347756e+01, 0.000000e+00
8.328439e+01, 0.000000e+00
8.309029e+01, 0.000000e+00
8.289527e+01, 0.000000e+00
8.269933e+01, 0.000000e+00
8.250249e+01, 0.000000e+00
8.230473e+01, 0.000000e+00
8.210607e+01, 0.000000e+00
8.190652e+01, 0.000000e+00
8.170606e+01, 0.000000e+00
8.150472e+01, 0.000000e+00
8.130250e+01, 0.000000e+00
8.109939e+01, 0.000000e+00
8.089541e+01, 0.000000e+00
8.069056e+01, 0.000000e+00
8.048485e+01, 0.000000e+00
8.027827e+01, 0.000000e+00
8.007084e+01, 0.000000e+00
7.986255e+01, 0.000000e+00
7.965342e+01, 0.000000e+00
7.944345e+01, 0.000000e+00
7.923264e+01, 0.000000e+00
7.902099e+01, 0.000000e+00
7.880852e+01, 0.000000e+00
7.859523e+01, 0.000000e+00
7.838112e+01, 0.000000e+00
7.816620e+01, 0.000000e+00
7.795047e+01, 0.000000e+00
7.773394e+01, 0.000000e+00
7.751661e+01, 0.000000e+00
7.729849e+01, 0.000000e+00
7.707958e+01, 0.000000e+00
7.685989e+01, 0.000000e+00
7.663942e+01, 0.000000e+00
7.641818e+01, 0.000000e+00
7.619617e+01, 0.000000e+00
7.597340e+01, 0.000000e+00
7.574988e+01, 0.000000e+00
7.552560e+01, 0.000000e+00
7.530057e+01, 0.000000e+00
7.507481e+01, 0.000000e+00
7.484830e+01, 0.000000e+00
7.462107e+01, 0.000000e+00
7.439311e+01, 0.000000e+00
7.416443e+01, 0.000000e+00
7.393503e+01, 0.000000e+00
7.370492e+01, 0.000000e+00
7.347411e+01, 0.000000e+00
7.324260e+01, 0.000000e+00
7.301040e+01, 0.000000e+00
7.277750e+01, 0.000000e+00
7.254392e+01, 0.000000e+00
7.230967e+01, 0.000000e+00
7.207474e+01, 0.000000e+00
7.183914e+01, 0.000000e+00
7.160288e+01, 0.000000e+00
7.136596e+01, 0.000000e+00
7.112839e+01, 0.000000e+00
7.089018e+01, 0.000000e+00
7.065133e+01, 0.000000e+00
7.041184e+01, 0.000000e+00
7.017172e+01, 0.000000e+00
6.993097e+01, 0.000000e+00
6.968961e+01, 0.000000e+00
6.944763e+01, 0.000000e+00
6.920505e+01, 0.000000e+00
6.896186e+01, 0.000000e+00
6.871808e+01, 0.000000e+00
6.847370e+01, 0.000000e+00
6.822874e+01, 0.000000e+00
6.798320e+01, 0.000000e+00
6.773709e+01, 0.000000e+00
6.749041e+01, 0.000000e+00
6.724316e+01, 0.000000e+00
6.699535e+01, 0.000000e+00
6.674700e+01, 0.000000e+00
6.649809e+01, 0.000000e+00
6.624865e+01, 0.000000e+00
6.599867e+01, 0.000000e+00
6.574816e+01, 0.000000e+00
6.549712e+01, 0.000000e+00
6.524557e+01, 0.000000e+00
6.499350e+01, 0.000000e+00
6.474093e+01, 0.000000e+00
6.448786e+01, 0.000000e+00
6.423429e+01, 0.000000e+00
6.398023e+01, 0.000000e+00
6.372569e+01, 0.000000e+00
6.347067e+01, 0.000000e+00
6.321517e+01, 0.000000e+00
6.295921e+01, 0.000000e+00
6.270279e+01, 0.000000e+00
6.244591e+01, 0.000000e+00
6.218858e+01, 0.000000e+00
6.193081e+01, 0.000000e+00
6.167260e+01, 0.000000e+00
6.141396e+01, 0.000000e+00
6.115489e+01, 0.000000e+00
6.089540e+01, 0.000000e+00
6.063549e+01, 0.000000e+00
6.037518e+01, 0.000000e+00
6.011446e+01, 0.000000e+00
5.985335e+01, 0.000000e+00
5.959184e+01, 0.000000e+00
5.932995e+01, 0.000000e+00
5.906767e+01, 0.000000e+00
5.880503e+01, 0.000000e+00
5.854201e+01, 0.000000e+00
5.827863e+01, 0.000000e+00
5.801490e+01, 0.000000e+00
5.775081e+01, 0.000000e+00
5.748638e+01, 0.000000e+00
5.722161e+01, 0.000000e+00
5.695651e+01, 0.000000e+00
5.669108e+01, 0.000000e+00
5.642533e+01, 0.000000e+00
5.615926e+01, 0.000000e+00
5.589288e+01, 0.000000e+00
5.562620e+01, 0.000000e+00
5.535922e+01, 0.000000e+00
5.509195e+01, 0.000000e+00
5.482440e+01, 0.000000e+00
5.455656e+01, 0.000000e+00
5.428845e+01, 0.000000e+00
5.402007e+01, 0.000000e+00
5.375143e+01, 0.000000e+00
5.348253e+01, 0.000000e+00
5.321338e+01, 0.000000e+00
5.294399e+01, 0.000000e+00
5.267435e+01, 0.000000e+00
5.240449e+01, 0.000000e+00
5.213439e+01, 0.000000e+00
5.186408e+01, 0.000000e+00
5.159355e+01, 0.000000e+00
5.132281e+01, 0.000000e+00
5.105187e+01, 0.000000e+00
5.078073e+01, 0.000000e+00
5.050940e+01, 0.000000e+00
5.023789e+01, 0.000000e+00
4.996619e+01, 0.000000e+00
4.969432e+01, 0.000000e+00
4.942229e+01, 0.000000e+00
4.915009e+01, 0.000000e+00
4.887773e+01, 0.000000e+00
4.860523e+01, 0.000000e+00
4.833258e+01, 0.000000e+00
4.805980e+01, 0.000000e+00
4.778688e+01, 0.000000e+00
4.751383e+01, 0.000000e+00
4.724067e+01, 0.000000e+00
4.696739e+01, 0.000000e+00
4.669400e+01, 0.000000e+00
4.642051e+01, 0.000000e+00
4.614692e+01, 0.000000e+00
4.587324e+01, 0.000000e+00
4.559948e+01, 0.000000e+00
4.532563e+01, 0.000000e+00
4.505172e+01, 0.000000e+00
4.477773e+01, 0.000000e+00
4.450369e+01, 0.000000e+00
4.422959e+01, 0.000000e+00
4.395544e+01, 0.000000e+00
4.368125e+01, 0.000000e+00
4.340702e+01, 0.000000e+00
4.313275e+01, 0.000000e+00
4.285846e+01, 0.000000e+00
4.258415e+01, 0.000000e+00
4.230983e+01, 0.000000e+00
4.203550e+01, 0.000000e+00
4.176116e+01, 0.000000e+00
4.148683e+01, 0.000000e+00
4.121251e+01, 0.000000e+00
4.093820e+01, 0.000000e+00
4.066391e+01, 0.000000e+00
4.038965e+01, 0.000000e+00
4.011542e+01, 0.000000e+00
3.984123e+01, 0.000000e+00
3.956708e+01, 0.000000e+00
3.929299e+01, 0.000000e+00
3.901894e+01, 0.000000e+00
3.874496e+01, 0.000000e+00
3.847105e+01, 0.000000e+00
3.819721e+01, 0.000000e+00
3.792345e+01, 0.000000e+00
3.764977e+01, 0.000000e+00
3.737618e+01, 0.000000e+00
3.710269e+01, 0.000000e+00
3.682930e+01, 0.000000e+00
3.655602e+01, 0.000000e+00
3.628285e+01, 0.000000e+00
3.600980e+01, 0.000000e+00
3.573687e+01, 0.000000e+00
3.546407e+01, 0.000000e+00
3.519141e+01, 0.000000e+00
3.491889e+01, 0.000000e+00
3.464652e+01, 0.000000e+00
3.437430e+01, 0.000000e+00
3.410224e+01, 0.000000e+00
3.383034e+01, 0.000000e+00
3.355862e+01, 0.000000e+00
3.328706e+01, 0.000000e+00
3.301569e+01, 0.000000e+00
3.274451e+01, 0.000000e+00
3.247352e+01, 0.000000e+00
3.220272e+01, 0.000000e+00
3.193213e+01, 0.000000e+00
3.166175e+01, 0.000000e+00
3.139158e+01, 0.000000e+00
3.112163e+01, 0.000000e+00
3.085191e+01, 0.000000e+00
3.058242e+01, 0.000000e+00
3.031317e+01, 0.000000e+00
3.004415e+01, 0.000000e+00
2.977539e+01, 0.000000e+00
2.950688e+01, 0.000000e+00
2.923862e+01, 0.000000e+00
2.897063e+01, 0.000000e+00
2.870291e+01, 0.000000e+00
2.843547e+01, 0.000000e+00
2.816830e+01, 0.000000e+00
2.790142e+01, 0.000000e+00
2.763483e+01, 0.000000e+00
2.736854e+01, 0.000000e+00
2.710255e+01, 0.000000e+00
2.683687e+01, 0.000000e+00
2.657149e+01, 0.000000e+00
2.630644e+01, 0.000000e+00
2.604171e+01, 0.000000e+00
2.577731e+01, 0.000000e+00
2.551324e+01, 0.000000e+00
2.524951e+01, 0.000000e+00
2.498612e+01, 0.000000e+00
2.472309e+01, 0.000000e+00
2.446041e+01, 0.000000e+00
2.419809e+01, 0.000000e+00
2.393613e+01, 0.000000e+00
2.367454e+01, 0.000000e+00
2.341333e+01, 0.000000e+00
2.315250e+01, 0.000000e+00
2.289206e+01, 0.000000e+00
2.263200e+01, 0.000000e+00
2.237235e+01, 0.000000e+00
2.211309e+01, 0.000000e+00
2.185424e+01, 0.000000e+00
2.159580e+01, 0.000000e+00
2.133778e+01, 0.000000e+00
2.108017e+01, 0.000000e+00
2.082300e+01, 0.000000e+00
2.056625e+01, 0.000000e+00
2.030995e+01, 0.000000e+00
2.005408e+01, 0.000000e+00
1.979866e+01, 0.000000e+00
1.954369e+01, 0.000000e+00
1.928918e+01, 0.000000e+00
1.903512e+01, 0.000000e+00
1.878154e+01, 0.000000e+00
1.852842e+01, 0.000000e+00
1.827578e+01, 0.000000e+00
1.802362e+01, 0.000000e+00
1.777195e+01, 0.000000e+00
1.752076e+01, 0.000000e+00
1.727007e+01, 0.000000e+00
1.701988e+01, 0.000000e+00
1.677019e+01, 0.000000e+00
1.652102e+01, 0.000000e+00
1.627235e+01, 0.000000e+00
1.602421e+01, 0.000000e+00
1.577659e+01, 0.000000e+00
1.552949e+01, 0.000000e+00
1.528293e+01, 0.000000e+00
1.503691e+01, 0.000000e+00
1.479142e+01, 0.000000e+00
1.454649e+01, 0.000000e+00
1.430210e+01, 0.000000e+00
1.405827e+01, 0.000000e+00
1.381500e+01, 0.000000e+00
1.357229e+01, 0.000000e+00
1.333016e+01, 0.000000e+00
1.308859e+01, 0.000000e+00
1.284760e+01, 0.000000e+00
1.260720e+01, 0.000000e+00
1.236738e+01, 0.000000e+00
1.212815e+01, 0.000000e+00
1.188952e+01, 0.000000e+00
1.165149e+01, 0.000000e+00
1.141406e+01, 0.000000e+00
1.117724e+01, 0.000000e+00
1.094103e+01, 0.000000e+00
1.070544e+01, 0.000000e+00
1.047047e+01, 0.000000e+00
1.023613e+01, 0.000000e+00
1.000242e+01, 0.000000e+00
9.769334e+00, 0.000000e+00
9.536890e+00, 0.000000e+00
9.305089e+00, 0.000000e+00
9.073933e+00, 0.000000e+00
8.843428e+00, 0.000000e+00
8.613577e+00, 0.000000e+00
8.384384e+00, 0.000000e+00
8.155854e+00, 0.000000e+00
7.927990e+00, 0.000000e+00
7.700796e+00, 0.000000e+00
7.474276e+00, 0.000000e+00
7.248435e+00, 0.000000e+00
7.023275e+00, 0.000000e+00
6.798802e+00, 0.000000e+00
6.575019e+00, 0.000000e+00
6.351929e+00, 0.000000e+00
6.129537e+00, 0.000000e+00
5.907847e+00, 0.000000e+00
5.686861e+00, 0.000000e+00
5.466585e+00, 0.000000e+00
5.247021e+00, 0.000000e+00
5.028173e+00, 0.000000e+00
4.810046e+00, 0.000000e+00
4.592642e+00, 0.000000e+00
4.375966e+00, 0.000000e+00
4.160021e+00, 0.000000e+00
3.944810e+00, 0.000000e+00
3.730337e+00, 0.000000e+00
3.516607e+00, 0.000000e+00
3.303621e+00, 0.000000e+00
3.091385e+00, 0.000000e+00
2.879900e+00, 0.000000e+00
2.669172e+00, 0.000000e+00
2.459202e+00, 0.000000e+00
2.249995e+00, 0.000000e+00
2.041554e+00, 0.000000e+00
1.833883e+00, 0.000000e+00
1.626984e+00, 0.000000e+00
1.420861e+00, 0.000000e+00
1.215517e+00, 0.000000e+00
1.010956e+00, 0.000000e+00
8.071802e-01, 0.000000e+00
6.041938e-01, 0.000000e+00
4.019994e-01, 0.000000e+00
2.006005e-01, 0.000000e+00
0.000000e+00, 0.000000e+00
##END= 
