##TITLE= Parameter file, TOPSPIN		Version 1.3
##JCAMPDX= 5.0
##DATATYPE= Parameter Values
##ORIGIN= Bruker BioSpin GmbH
##OWNER= reedma
$$ 2007-11-28 10:54:19.734 +0000  reedma@domitian
$$ /opt/data/reedma/nmr/AV_bserum/30/pdata/1/clevels
##$LEVELS= (0..255)
-13312969.4838528 -7396094.157696 -4108941.19872 -2282745.1104 -1268191.728 
-704550.96 -391417.2 -217454 217454 391417.2 704550.96 1268191.728 2282745.1104 
4108941.19872 7396094.157696 13312969.4838528 0 0 0 0 0 0 0 0 0 0 0 0 
0 0 0 0 0 0 0 0 0 0 0 0 0 0 0 0 0 0 0 0 0 0 0 0 0 0 0 0 0 0 0 0 0 0 0 
0 0 0 0 0 0 0 0 0 0 0 0 0 0 0 0 0 0 0 0 0 0 0 0 0 0 0 0 0 0 0 0 0 0 0 
0 0 0 0 0 0 0 0 0 0 0 0 0 0 0 0 0 0 0 0 0 0 0 0 0 0 0 0 0 0 0 0 0 0 0 
0 0 0 0 0 0 0 0 0 0 0 0 0 0 0 0 0 0 0 0 0 0 0 0 0 0 0 0 0 0 0 0 0 0 0 
0 0 0 0 0 0 0 0 0 0 0 0 0 0 0 0 0 0 0 0 0 0 0 0 0 0 0 0 0 0 0 0 0 0 0 
0 0 0 0 0 0 0 0 0 0 0 0 0 0 0 0 0 0 0 0 0 0 0 0 0 0 0 0 0 0 0 0 0 0 0 
0 0 0 0 0 0 0 0 0 0 0 0 0 0 0 0 0 0
##$LEVSIGN= 3
##$MAXLEV= 8
##$METHOD= 0
##$NEGBASE= -217454
##$NEGINCR= 1.8
##$POSBASE= 217454
##$POSINCR= 1.8
##END=
